0.025	5.5256E+02	1.0177E+03	1.3571E+03	1.4584E+03	1.9695E+03	2.5173E+03	2.8243E+03	2.8337E+03	2.6466E+03	2.4291E+03	2.3325E+03	2.4375E+03	2.7291E+03	3.1045E+03	3.4158E+03	3.5486E+03	3.5375E+03	3.7188E+03
0.03	5.9052E+02	1.1166E+03	1.4918E+03	1.6035E+03	2.1684E+03	2.7770E+03	3.1255E+03	3.1508E+03	2.9624E+03	2.7409E+03	2.6508E+03	2.7796E+03	3.1105E+03	3.5305E+03	3.8773E+03	4.0252E+03	4.0111E+03	4.2020E+03
0.04	6.4835E+02	1.2868E+03	1.7301E+03	1.8591E+03	2.5203E+03	3.2407E+03	3.6701E+03	3.7348E+03	3.5577E+03	3.3433E+03	3.2779E+03	3.4604E+03	3.8707E+03	4.3786E+03	4.7972E+03	4.9811E+03	4.9712E+03	5.1866E+03
0.05	6.8775E+02	1.4287E+03	1.9393E+03	2.0809E+03	2.8269E+03	3.6484E+03	4.1568E+03	4.2685E+03	4.1168E+03	3.9248E+03	3.8964E+03	4.1392E+03	4.6302E+03	5.2253E+03	5.7175E+03	5.9453E+03	5.9529E+03	6.2018E+03
0.06	7.1320E+02	1.5481E+03	2.1280E+03	2.2771E+03	3.0985E+03	4.0126E+03	4.5977E+03	4.7618E+03	4.6458E+03	4.4877E+03	4.5051E+03	4.8128E+03	5.3854E+03	6.0671E+03	6.6347E+03	6.9134E+03	6.9498E+03	7.2410E+03
0.07	7.2785E+02	1.6488E+03	2.3012E+03	2.4529E+03	3.3413E+03	4.3401E+03	4.9994E+03	5.2194E+03	5.1468E+03	5.0312E+03	5.1009E+03	5.4765E+03	6.1306E+03	6.8981E+03	7.5419E+03	7.8769E+03	7.9518E+03	8.2928E+03
0.08	7.3414E+02	1.7333E+03	2.4618E+03	2.6114E+03	3.5592E+03	4.6354E+03	5.3660E+03	5.6440E+03	5.6203E+03	5.5533E+03	5.6800E+03	6.1253E+03	6.8600E+03	7.7115E+03	8.4318E+03	8.8270E+03	8.9479E+03	9.3447E+03
0.09	7.3401E+02	1.8037E+03	2.6115E+03	2.7549E+03	3.7549E+03	4.9017E+03	5.7002E+03	6.0373E+03	6.0663E+03	6.0525E+03	6.2391E+03	6.7546E+03	7.5684E+03	8.5015E+03	9.2977E+03	9.7559E+03	9.9285E+03	1.0386E+04
0.1	7.2901E+02	1.8616E+03	2.7514E+03	2.8850E+03	3.9306E+03	5.1413E+03	6.0042E+03	6.4004E+03	6.4847E+03	6.5270E+03	6.7754E+03	7.3607E+03	8.2512E+03	9.2633E+03	1.0134E+04	1.0657E+04	1.0885E+04	1.1406E+04
0.15	6.6717E+02	2.0079E+03	3.3114E+03	3.3729E+03	4.5626E+03	6.0046E+03	7.1315E+03	7.8034E+03	8.1699E+03	8.5034E+03	9.0569E+03	9.9640E+03	1.1190E+04	1.2544E+04	1.3749E+04	1.4589E+04	1.5122E+04	1.5968E+04
0.2	5.9216E+02	2.0017E+03	3.6443E+03	3.6597E+03	4.8923E+03	6.4497E+03	7.7490E+03	8.6387E+03	9.2524E+03	9.8455E+03	1.0658E+04	1.1817E+04	1.3288E+04	1.4886E+04	1.6343E+04	1.7450E+04	1.8267E+04	1.9399E+04
0.25	5.2784E+02	1.9219E+03	3.7763E+03	3.8135E+03	5.0328E+03	6.6306E+03	8.0310E+03	9.0772E+03	9.8838E+03	1.0682E+04	1.1692E+04	1.3031E+04	1.4666E+04	1.6424E+04	1.8056E+04	1.9366E+04	2.0411E+04	2.1764E+04
0.3	4.7629E+02	1.8058E+03	3.7440E+03	3.8655E+03	5.0408E+03	6.6289E+03	8.0758E+03	9.2241E+03	1.0170E+04	1.1118E+04	1.2267E+04	1.3722E+04	1.5453E+04	1.7303E+04	1.9041E+04	2.0491E+04	2.1704E+04	2.3211E+04
0.4	4.0119E+02	1.5701E+03	3.4523E+03	3.8321E+03	4.9057E+03	6.4197E+03	7.8806E+03	9.1358E+03	1.0250E+04	1.1384E+04	1.2697E+04	1.4272E+04	1.6087E+04	1.8008E+04	1.9848E+04	2.1456E+04	2.2880E+04	2.4563E+04
0.5	3.4982E+02	1.3816E+03	3.1063E+03	3.7443E+03	4.7432E+03	6.1783E+03	7.6194E+03	8.9214E+03	1.0127E+04	1.1365E+04	1.2764E+04	1.4393E+04	1.6232E+04	1.8169E+04	2.0045E+04	2.1735E+04	2.3276E+04	2.5048E+04
0.6	3.1209E+02	1.2362E+03	2.8004E+03	3.6391E+03	4.5926E+03	5.9604E+03	7.3740E+03	8.6965E+03	9.9557E+03	1.1255E+04	1.2702E+04	1.4355E+04	1.6196E+04	1.8129E+04	2.0016E+04	2.1749E+04	2.3360E+04	2.5178E+04
0.7	2.8241E+02	1.1200E+03	2.5430E+03	3.5192E+03	4.4473E+03	5.7576E+03	7.1403E+03	8.4674E+03	9.7557E+03	1.1090E+04	1.2562E+04	1.4221E+04	1.6051E+04	1.7967E+04	1.9849E+04	2.1601E+04	2.3252E+04	2.5090E+04
0.8	2.5868E+02	1.0276E+03	2.3347E+03	3.3992E+03	4.3173E+03	5.5816E+03	6.9359E+03	8.2614E+03	9.5670E+03	1.0924E+04	1.2410E+04	1.4067E+04	1.5882E+04	1.7779E+04	1.9652E+04	2.1413E+04	2.3088E+04	2.4933E+04
0.9	2.3915E+02	9.5065E+02	2.1602E+03	3.2752E+03	4.1913E+03	5.4162E+03	6.7427E+03	8.0609E+03	9.3739E+03	1.0742E+04	1.2232E+04	1.3882E+04	1.5677E+04	1.7552E+04	1.9409E+04	2.1170E+04	2.2856E+04	2.4697E+04
1	2.2271E+02	8.8588E+02	2.0131E+03	3.1520E+03	4.0711E+03	5.2624E+03	6.5625E+03	7.8703E+03	9.1846E+03	1.0557E+04	1.2045E+04	1.3684E+04	1.5458E+04	1.7309E+04	1.9147E+04	2.0902E+04	2.2592E+04	2.4424E+04
1.5	1.6820E+02	6.6960E+02	1.5217E+03	2.5949E+03	3.5348E+03	4.6095E+03	5.7969E+03	7.0337E+03	8.3103E+03	9.6516E+03	1.1091E+04	1.2646E+04	1.4308E+04	1.6034E+04	1.7765E+04	1.9451E+04	2.1098E+04	2.2842E+04
2	1.3699E+02	5.4529E+02	1.2392E+03	2.1727E+03	3.0975E+03	4.0956E+03	5.1942E+03	6.3564E+03	7.5716E+03	8.8533E+03	1.0222E+04	1.1688E+04	1.3244E+04	1.4858E+04	1.6484E+04	1.8083E+04	1.9656E+04	2.1300E+04
2.5	1.1644E+02	4.6340E+02	1.0531E+03	1.8634E+03	2.7432E+03	3.6790E+03	4.7041E+03	5.7973E+03	6.9494E+03	8.1678E+03	9.4655E+03	1.0850E+04	1.2312E+04	1.3828E+04	1.5361E+04	1.6877E+04	1.8374E+04	1.9925E+04
3	1.0173E+02	4.0478E+02	9.1987E+02	1.6328E+03	2.4551E+03	3.3351E+03	4.2968E+03	5.3277E+03	6.4200E+03	7.5776E+03	8.8092E+03	1.0119E+04	1.1500E+04	1.2931E+04	1.4381E+04	1.5821E+04	1.7247E+04	1.8715E+04
4	8.1924E+01	3.2591E+02	7.4064E+02	1.3164E+03	2.0240E+03	2.8053E+03	3.6611E+03	4.5855E+03	5.5725E+03	6.6223E+03	7.7387E+03	8.9227E+03	1.0168E+04	1.1458E+04	1.2771E+04	1.4082E+04	1.5385E+04	1.6715E+04
5	6.9052E+01	2.7469E+02	6.2424E+02	1.1097E+03	1.7219E+03	2.4188E+03	3.1886E+03	4.0256E+03	4.9244E+03	5.8837E+03	6.9046E+03	7.9864E+03	9.1233E+03	1.0302E+04	1.1505E+04	1.2711E+04	1.3913E+04	1.5133E+04
6	5.9939E+01	2.3842E+02	5.4181E+02	9.6322E+02	1.5003E+03	2.1261E+03	2.8242E+03	3.5882E+03	4.4127E+03	5.2955E+03	6.2361E+03	7.2332E+03	8.2811E+03	9.3691E+03	1.0481E+04	1.1600E+04	1.2718E+04	1.3849E+04
7	5.3120E+01	2.1129E+02	4.8016E+02	8.5362E+02	1.3318E+03	1.8979E+03	2.5357E+03	3.2379E+03	3.9993E+03	4.8169E+03	5.6895E+03	6.6151E+03	7.5885E+03	8.6002E+03	9.6364E+03	1.0682E+04	1.1729E+04	1.2785E+04
8	4.7809E+01	1.9015E+02	4.3212E+02	7.6821E+02	1.1995E+03	1.7155E+03	2.3020E+03	2.9514E+03	3.6584E+03	4.4200E+03	5.2341E+03	6.0985E+03	7.0083E+03	7.9550E+03	8.9266E+03	9.9096E+03	1.0895E+04	1.1888E+04
9	4.3546E+01	1.7320E+02	3.9360E+02	6.9973E+02	1.0930E+03	1.5667E+03	2.1093E+03	2.7132E+03	3.3731E+03	4.0859E+03	4.8493E+03	5.6607E+03	6.5155E+03	7.4062E+03	8.3219E+03	9.2504E+03	1.0183E+04	1.1122E+04
10	4.0041E+01	1.5926E+02	3.6191E+02	6.4339E+02	1.0051E+03	1.4430E+03	1.9476E+03	2.5117E+03	3.1305E+03	3.8004E+03	4.5192E+03	5.2841E+03	6.0909E+03	6.9326E+03	7.7993E+03	8.6798E+03	9.5653E+03	1.0457E+04
15	2.8923E+01	1.1503E+02	2.6141E+02	4.6473E+02	7.2613E+02	1.0451E+03	1.4190E+03	1.8438E+03	2.3159E+03	2.8323E+03	3.3908E+03	3.9886E+03	4.6226E+03	5.2879E+03	5.9779E+03	6.6845E+03	7.4002E+03	8.1216E+03
20	2.2928E+01	9.1190E+01	2.0723E+02	3.6841E+02	5.7564E+02	8.2884E+02	1.1272E+03	1.4689E+03	1.8516E+03	2.2732E+03	2.7318E+03	3.2252E+03	3.7508E+03	4.3051E+03	4.8832E+03	5.4789E+03	6.0857E+03	6.6992E+03
25	1.9144E+01	7.6142E+01	1.7303E+02	3.0761E+02	4.8064E+02	6.9211E+02	9.4177E+02	1.2287E+03	1.5516E+03	1.9090E+03	2.2993E+03	2.7209E+03	3.1718E+03	3.6491E+03	4.1491E+03	4.6669E+03	5.1968E+03	5.7345E+03
30	1.6524E+01	6.5719E+01	1.4935E+02	2.6551E+02	4.1485E+02	5.9738E+02	8.1302E+02	1.0613E+03	1.3415E+03	1.6525E+03	1.9933E+03	2.3624E+03	2.7584E+03	3.1789E+03	3.6210E+03	4.0806E+03	4.5531E+03	5.0339E+03
40	1.3115E+01	5.2167E+01	1.1855E+02	2.1076E+02	3.2931E+02	4.7420E+02	6.4543E+02	8.4288E+02	1.0663E+03	1.3151E+03	1.5887E+03	1.8863E+03	2.2069E+03	2.5491E+03	2.9107E+03	3.2890E+03	3.6803E+03	4.0809E+03
50	1.0982E+01	4.3685E+01	9.9274E+01	1.7649E+02	2.7576E+02	3.9709E+02	5.4049E+02	7.0591E+02	8.9324E+02	1.1022E+03	1.3326E+03	1.5837E+03	1.8549E+03	2.1453E+03	2.4534E+03	2.7771E+03	3.1136E+03	3.4598E+03
60	9.5139E+00	3.7849E+01	8.6012E+01	1.5291E+02	2.3892E+02	3.4405E+02	4.6829E+02	6.1163E+02	7.7403E+02	9.5536E+02	1.1554E+03	1.3739E+03	1.6103E+03	1.8639E+03	2.1337E+03	2.4181E+03	2.7149E+03	3.0214E+03
70	8.4396E+00	3.3578E+01	7.6306E+01	1.3566E+02	2.1196E+02	3.0523E+02	4.1545E+02	5.4262E+02	6.8673E+02	8.4770E+02	1.0254E+03	1.2197E+03	1.4301E+03	1.6563E+03	1.8973E+03	2.1521E+03	2.4187E+03	2.6950E+03
80	7.6177E+00	3.0310E+01	6.8878E+01	1.2245E+02	1.9133E+02	2.7551E+02	3.7500E+02	4.8980E+02	6.1989E+02	7.6524E+02	9.2577E+02	1.1013E+03	1.2917E+03	1.4966E+03	1.7152E+03	1.9467E+03	2.1897E+03	2.4420E+03
90	6.9678E+00	2.7727E+01	6.3009E+01	1.1202E+02	1.7503E+02	2.5204E+02	3.4305E+02	4.4807E+02	5.6708E+02	7.0006E+02	8.4698E+02	1.0077E+03	1.1821E+03	1.3699E+03	1.5706E+03	1.7835E+03	2.0073E+03	2.2403E+03
100	6.4406E+00	2.5631E+01	5.8246E+01	1.0355E+02	1.6180E+02	2.3298E+02	3.1712E+02	4.1420E+02	5.2421E+02	6.4716E+02	7.8300E+02	9.3168E+02	1.0931E+03	1.2669E+03	1.4529E+03	1.6504E+03	1.8584E+03	2.0754E+03
150	4.8149E+00	1.9169E+01	4.3561E+01	7.7441E+01	1.2100E+02	1.7424E+02	2.3716E+02	3.0976E+02	3.9205E+02	4.8401E+02	5.8564E+02	6.9693E+02	8.1786E+02	9.4835E+02	1.0883E+03	1.2374E+03	1.3952E+03	1.5609E+03
200	3.9745E+00	1.5828E+01	3.5970E+01	6.3946E+01	9.9916E+01	1.4388E+02	1.9584E+02	2.5579E+02	3.2373E+02	3.9966E+02	4.8359E+02	5.7551E+02	6.7541E+02	7.8326E+02	8.9900E+02	1.0225E+03	1.1536E+03	1.2916E+03
250	3.4615E+00	1.3790E+01	3.1337E+01	5.5710E+01	8.7047E+01	1.2535E+02	1.7061E+02	2.2284E+02	2.8203E+02	3.4819E+02	4.2131E+02	5.0139E+02	5.8843E+02	6.8242E+02	7.8333E+02	8.9109E+02	1.0056E+03	1.1264E+03
300	3.1168E+00	1.2419E+01	2.8223E+01	5.0175E+01	7.8398E+01	1.1289E+02	1.5366E+02	2.0070E+02	2.5401E+02	3.1359E+02	3.7945E+02	4.5157E+02	5.2997E+02	6.1463E+02	7.0554E+02	8.0266E+02	9.0590E+02	1.0150E+03
400	2.6859E+00	1.0709E+01	2.4335E+01	4.3262E+01	6.7597E+01	9.7340E+01	1.3249E+02	1.7305E+02	2.1902E+02	2.7039E+02	3.2717E+02	3.8936E+02	4.5696E+02	5.2996E+02	6.0837E+02	6.9216E+02	7.8129E+02	8.7566E+02
500	2.4309E+00	9.6963E+00	2.2035E+01	3.9173E+01	6.1208E+01	8.8139E+01	1.1997E+02	1.5669E+02	1.9831E+02	2.4483E+02	2.9625E+02	3.5256E+02	4.1377E+02	4.7987E+02	5.5087E+02	6.2675E+02	7.0750E+02	7.9306E+02
600	2.2652E+00	9.0388E+00	2.0541E+01	3.6517E+01	5.7057E+01	8.2163E+01	1.1183E+02	1.4607E+02	1.8487E+02	2.2823E+02	2.7616E+02	3.2865E+02	3.8571E+02	4.4733E+02	5.1351E+02	5.8426E+02	6.5955E+02	7.3935E+02
700	2.1509E+00	8.5857E+00	1.9511E+01	3.4686E+01	5.4197E+01	7.8044E+01	1.0623E+02	1.3875E+02	1.7560E+02	2.1679E+02	2.6232E+02	3.1218E+02	3.6637E+02	4.2491E+02	4.8778E+02	5.5498E+02	6.2651E+02	7.0233E+02
800	2.0689E+00	8.2598E+00	1.8770E+01	3.3369E+01	5.2140E+01	7.5081E+01	1.0219E+02	1.3348E+02	1.6893E+02	2.0856E+02	2.5236E+02	3.0033E+02	3.5247E+02	4.0878E+02	4.6926E+02	5.3391E+02	6.0273E+02	6.7569E+02
900	2.0082E+00	8.0217E+00	1.8229E+01	3.2408E+01	5.0637E+01	7.2917E+01	9.9248E+01	1.2963E+02	1.6406E+02	2.0255E+02	2.4508E+02	2.9167E+02	3.4230E+02	3.9699E+02	4.5573E+02	5.1852E+02	5.8535E+02	6.5622E+02
1000	1.9624E+00	7.8394E+00	1.7815E+01	3.1671E+01	4.9486E+01	7.1260E+01	9.6993E+01	1.2668E+02	1.6034E+02	1.9794E+02	2.3951E+02	2.8504E+02	3.3453E+02	3.8797E+02	4.4538E+02	5.0674E+02	5.7206E+02	6.4132E+02
